50
172 36 70
87 121 91
37 191 136
40 107 4
77 49 26
45 124 139
101 41 143
180 136 59
16 57 50
142 100 121
49 2 159
147 164 8
58 13 64
41 114 171
110 59 32
54 108 52
79 8 171
33 18 76
6 60 144
25 89 12
165 92 45
18 155 78
133 22 99
72 140 31
95 67 53
120 88 14
48 176 61
11 129 42
156 5 115
89 73 28
37 148 96
62 21 137
104 59 83
29 112 70
178 44 25
51 95 168
136 8 52
73 161 39
92 27 144
15 98 61
118 34 107
44 139 76
167 12 93
81 55 128
26 170 47
99 63 19
142 31 85
58 114 152
35 87 66
